# $1 = time (seconds since 2000-01-01T00:00Z)
# $2 = observer altitude [km]
# $3 = observer longitude [deg]
# $4 = observer latitude [deg]
# $5 = view point altitude [km]
# $6 = view point longitude [deg]
# $7 = view point latitude [deg]
# $8 = tangent point altitude [km]
# $9 = tangent point longitude [deg]
# $10 = tangent point latitude [deg]
# $11 = channel 667.782: radiance [W/(m^2 sr cm^-1)]
# $12 = channel 669.811: radiance [W/(m^2 sr cm^-1)]
# $13 = channel 667.782: transmittance
# $14 = channel 669.811: transmittance

0.00 700 0 0 0 0 -8.01 -6.9803e-07 -1.11898e-10 -8.00989 0.0796421 0.0609761 8.4363e-07 8.47428e-07
0.00 700 0 0 0 0 -7.83 -6.37468e-07 -1.07668e-10 -7.8299 0.0796315 0.0608654 8.47157e-07 8.50581e-07
0.00 700 0 0 0 0 -7.65 -5.92086e-07 -1.03606e-10 -7.6499 0.0796186 0.0607562 8.50575e-07 8.53672e-07
0.00 700 0 0 0 0 -7.47 -5.23783e-07 -9.97067e-11 -7.46991 0.0796038 0.0606466 8.53936e-07 8.56681e-07
0.00 700 0 0 0 0 -7.29 -4.48433e-07 -9.59635e-11 -7.28992 0.0795922 0.0605353 8.57483e-07 8.59663e-07
0.00 700 0 0 0 0 -7.11 -3.78741e-07 -9.23696e-11 -7.10992 0.0795787 0.0604271 8.60522e-07 8.62904e-07
0.00 700 0 0 0 0 -6.93 -3.24607e-07 -8.89206e-11 -6.92993 0.0795621 0.0603196 8.63527e-07 8.66035e-07
0.00 700 0 0 0 0 -6.75 -2.93401e-07 -8.5611e-11 -6.74993 0.0795444 0.0602131 8.66472e-07 8.70241e-07
0.00 700 0 0 0 0 -6.57 -2.90172e-07 -8.24354e-11 -6.56994 0.0795243 0.0601063 8.6936e-07 8.72905e-07
0.00 700 0 0 0 0 -6.39 -2.47349e-07 -7.93912e-11 -6.38994 0.0795036 0.0600005 8.72171e-07 8.75521e-07
0.00 700 0 0 0 0 -6.21 -2.11998e-07 -7.6473e-11 -6.20994 0.0794835 0.0598938 8.74927e-07 8.78063e-07
0.00 700 0 0 0 0 -6.03 -1.5825e-07 -7.36775e-11 -6.02995 0.0794648 0.0597875 8.77733e-07 8.80549e-07
0.00 700 0 0 0 0 -5.85 -1.54337e-07 -7.09981e-11 -5.84995 0.0794438 0.0596839 8.80971e-07 8.83114e-07
0.00 700 0 0 0 0 -5.67 -1.41643e-07 -6.8434e-11 -5.66995 0.0794194 0.0595819 8.8345e-07 8.8577e-07
0.00 700 0 0 0 0 -5.49 -1.00783e-07 -6.59815e-11 -5.48996 0.0793943 0.05948 8.85857e-07 8.88432e-07
0.00 700 0 0 0 0 -5.31 -1.13541e-07 -6.36348e-11 -5.30996 0.0793664 0.05938 8.88215e-07 8.90936e-07
0.00 700 0 0 0 0 -5.13 -8.4e-08 -6.13941e-11 -5.12996 0.0793396 0.0592799 8.90517e-07 8.9336e-07
0.00 700 0 0 0 0 -4.95 -6.55155e-08 -5.92546e-11 -4.94997 0.0793148 0.0591798 8.92742e-07 8.95743e-07
0.00 700 0 0 0 0 -4.77 -5.91244e-08 -5.7213e-11 -4.76997 0.0792901 0.0590823 8.94885e-07 8.98091e-07
0.00 700 0 0 0 0 -4.59 -4.72792e-08 -5.52678e-11 -4.58997 0.0792637 0.0589866 8.97178e-07 9.00045e-07
0.00 700 0 0 0 0 -4.41 -4.99276e-08 -5.34156e-11 -4.40997 0.0792346 0.058893 9.00132e-07 9.02179e-07
0.00 700 0 0 0 0 -4.23 -3.5825e-08 -5.16553e-11 -4.22997 0.0792051 0.0588011 9.02021e-07 9.04291e-07
0.00 700 0 0 0 0 -4.05 -2.451e-08 -4.99895e-11 -4.04998 0.0791733 0.0587116 9.03848e-07 9.06334e-07
0.00 700 0 0 0 0 -3.87 -1.71322e-08 -4.84043e-11 -3.86998 0.0791412 0.0586229 9.05607e-07 9.08298e-07
0.00 700 0 0 0 0 -3.69 -1.42354e-08 -4.69037e-11 -3.68998 0.0791138 0.0585361 9.07307e-07 9.10045e-07
0.00 700 0 0 0 0 -3.51 -5.6325e-09 -4.54861e-11 -3.50998 0.0790882 0.0584507 9.08944e-07 9.11806e-07
0.00 700 0 0 0 0 -3.33 -1.24783e-08 -4.41439e-11 -3.32998 0.0790613 0.0583696 9.10492e-07 9.13473e-07
0.00 700 0 0 0 0 -3.15 -6.36919e-09 -4.2892e-11 -3.14998 0.0790322 0.0582916 9.11995e-07 9.15056e-07
0.00 700 0 0 0 0 -2.97 -6.52471e-09 -4.17126e-11 -2.96999 0.0790038 0.0582158 9.1356e-07 9.16714e-07
0.00 700 0 0 0 0 -2.79 -1.25692e-09 -4.06104e-11 -2.78999 0.0789746 0.0581436 9.15021e-07 9.18109e-07
0.00 700 0 0 0 0 -2.61 -3.26781e-09 -3.95824e-11 -2.60999 0.0789451 0.0580752 9.16442e-07 9.19426e-07
0.00 700 0 0 0 0 -2.43 -1.48611e-09 -3.86288e-11 -2.42999 0.0789159 0.0580092 9.17749e-07 9.20698e-07
0.00 700 0 0 0 0 -2.25 -1.86446e-10 -3.77479e-11 -2.24999 0.0788886 0.0579472 9.18891e-07 9.21849e-07
0.00 700 0 0 0 0 -2.07 -4.78394e-10 -3.69389e-11 -2.06999 0.0788654 0.0578885 9.1997e-07 9.2291e-07
0.00 700 0 0 0 0 -1.89 -5.17502e-10 -3.62003e-11 -1.88999 0.0788454 0.0578329 9.20961e-07 9.23917e-07
0.00 700 0 0 0 0 -1.71 -2.4429e-09 -3.55321e-11 -1.70999 0.0788263 0.0577828 9.21871e-07 9.24839e-07
0.00 700 0 0 0 0 -1.53 -1.19326e-09 -3.49324e-11 -1.52999 0.0788089 0.0577375 9.2272e-07 9.25659e-07
0.00 700 0 0 0 0 -1.35 -9.27685e-11 -3.44009e-11 -1.34999 0.078792 0.057696 9.23492e-07 9.26404e-07
0.00 700 0 0 0 0 -1.17 -1.02773e-09 -3.39381e-11 -1.17 0.0787758 0.0576605 9.24157e-07 9.2708e-07
0.00 700 0 0 0 0 -0.99 -4.33829e-10 -3.35416e-11 -0.989996 0.0787624 0.057629 9.24764e-07 9.27673e-07
0.00 700 0 0 0 0 -0.81 -4.1382e-10 -3.32123e-11 -0.809997 0.0787503 0.0576027 9.25273e-07 9.28168e-07
0.00 700 0 0 0 0 -0.63 -1.89175e-10 -3.2949e-11 -0.629998 0.078741 0.0575813 9.25675e-07 9.28567e-07
0.00 700 0 0 0 0 -0.45 -1.58252e-10 -3.27522e-11 -0.449998 0.0787337 0.0575651 9.25969e-07 9.28858e-07
0.00 700 0 0 0 0 -0.27 -5.27507e-11 -3.26209e-11 -0.269999 0.0787288 0.0575544 9.26166e-07 9.29048e-07
0.00 700 0 0 0 0 -0.09 -2.72848e-12 -3.25549e-11 -0.0899997 0.0787263 0.0575491 9.26264e-07 9.29142e-07
0.00 700 0 0 0 0 0.09 -2.72848e-12 -3.2555e-11 0.0899997 0.0787263 0.0575491 9.26264e-07 9.29142e-07
0.00 700 0 0 0 0 0.27 -5.18412e-11 -3.26209e-11 0.269999 0.0787288 0.0575544 9.26166e-07 9.29048e-07
0.00 700 0 0 0 0 0.45 -1.58252e-10 -3.27522e-11 0.449998 0.0787337 0.0575651 9.25969e-07 9.28858e-07
0.00 700 0 0 0 0 0.63 -1.89175e-10 -3.2949e-11 0.629998 0.078741 0.0575813 9.25675e-07 9.28567e-07
0.00 700 0 0 0 0 0.81 -4.12911e-10 -3.32123e-11 0.809997 0.0787503 0.0576027 9.25273e-07 9.28168e-07
0.00 700 0 0 0 0 0.99 -4.34738e-10 -3.35416e-11 0.989996 0.0787624 0.057629 9.24764e-07 9.27673e-07
0.00 700 0 0 0 0 1.17 -1.02773e-09 -3.3938e-11 1.17 0.0787758 0.0576605 9.24157e-07 9.2708e-07
0.00 700 0 0 0 0 1.35 -9.27685e-11 -3.44008e-11 1.34999 0.078792 0.057696 9.23492e-07 9.26404e-07
0.00 700 0 0 0 0 1.53 -1.19326e-09 -3.49324e-11 1.52999 0.0788089 0.0577375 9.2272e-07 9.25659e-07
0.00 700 0 0 0 0 1.71 -2.44108e-09 -3.55321e-11 1.70999 0.0788263 0.0577828 9.21871e-07 9.24839e-07
0.00 700 0 0 0 0 1.89 -5.16593e-10 -3.62003e-11 1.88999 0.0788454 0.0578329 9.20961e-07 9.23917e-07
0.00 700 0 0 0 0 2.07 -4.76575e-10 -3.69389e-11 2.06999 0.0788654 0.0578885 9.1997e-07 9.2291e-07
0.00 700 0 0 0 0 2.25 -1.86446e-10 -3.7748e-11 2.24999 0.0788886 0.0579472 9.18891e-07 9.21849e-07
0.00 700 0 0 0 0 2.43 -1.4852e-09 -3.86289e-11 2.42999 0.0789159 0.0580092 9.17749e-07 9.20698e-07
0.00 700 0 0 0 0 2.61 -3.2669e-09 -3.95824e-11 2.60999 0.0789451 0.0580752 9.16442e-07 9.19426e-07
0.00 700 0 0 0 0 2.79 -1.25601e-09 -4.06104e-11 2.78999 0.0789746 0.0581436 9.15021e-07 9.18109e-07
0.00 700 0 0 0 0 2.97 -6.52471e-09 -4.17128e-11 2.96999 0.0790038 0.0582158 9.1356e-07 9.16714e-07
0.00 700 0 0 0 0 3.15 -6.36919e-09 -4.28921e-11 3.14998 0.0790322 0.0582916 9.11995e-07 9.15056e-07
0.00 700 0 0 0 0 3.33 -1.24774e-08 -4.41437e-11 3.32998 0.0790613 0.0583696 9.10492e-07 9.13473e-07
0.00 700 0 0 0 0 3.51 -5.6325e-09 -4.54861e-11 3.50998 0.0790882 0.0584507 9.08944e-07 9.11806e-07
0.00 700 0 0 0 0 3.69 -1.42354e-08 -4.69036e-11 3.68998 0.0791138 0.0585361 9.07307e-07 9.10045e-07
0.00 700 0 0 0 0 3.87 -1.71331e-08 -4.84042e-11 3.86998 0.0791412 0.0586229 9.05607e-07 9.08298e-07
0.00 700 0 0 0 0 4.05 -2.45109e-08 -4.99895e-11 4.04998 0.0791733 0.0587116 9.03848e-07 9.06334e-07
0.00 700 0 0 0 0 4.23 -3.5825e-08 -5.16552e-11 4.22997 0.0792051 0.0588011 9.02021e-07 9.04291e-07
0.00 700 0 0 0 0 4.41 -4.99276e-08 -5.34156e-11 4.40997 0.0792346 0.058893 9.00132e-07 9.02179e-07
0.00 700 0 0 0 0 4.59 -4.72783e-08 -5.52677e-11 4.58997 0.0792637 0.0589866 8.97178e-07 9.00045e-07
0.00 700 0 0 0 0 4.77 -5.91235e-08 -5.7213e-11 4.76997 0.0792901 0.0590823 8.94885e-07 8.98091e-07
0.00 700 0 0 0 0 4.95 -6.55155e-08 -5.92545e-11 4.94997 0.0793148 0.0591798 8.92742e-07 8.95743e-07
0.00 700 0 0 0 0 5.13 -8.4e-08 -6.13942e-11 5.12996 0.0793396 0.0592799 8.90517e-07 8.9336e-07
0.00 700 0 0 0 0 5.31 -1.13541e-07 -6.36348e-11 5.30996 0.0793664 0.05938 8.88215e-07 8.90936e-07
0.00 700 0 0 0 0 5.49 -1.00781e-07 -6.59815e-11 5.48996 0.0793943 0.05948 8.85857e-07 8.88432e-07
0.00 700 0 0 0 0 5.67 -1.41645e-07 -6.84341e-11 5.66995 0.0794194 0.0595819 8.8345e-07 8.8577e-07
0.00 700 0 0 0 0 5.85 -1.54337e-07 -7.09983e-11 5.84995 0.0794438 0.0596839 8.80971e-07 8.83114e-07
0.00 700 0 0 0 0 6.03 -1.58251e-07 -7.36774e-11 6.02995 0.0794648 0.0597875 8.77733e-07 8.80549e-07
0.00 700 0 0 0 0 6.21 -2.11998e-07 -7.64729e-11 6.20994 0.0794835 0.0598938 8.74927e-07 8.78063e-07
0.00 700 0 0 0 0 6.39 -2.47348e-07 -7.93911e-11 6.38994 0.0795036 0.0600005 8.72171e-07 8.75521e-07
0.00 700 0 0 0 0 6.57 -2.90173e-07 -8.24354e-11 6.56994 0.0795243 0.0601063 8.6936e-07 8.72905e-07
0.00 700 0 0 0 0 6.75 -2.93402e-07 -8.56109e-11 6.74993 0.0795444 0.0602131 8.66472e-07 8.70241e-07
0.00 700 0 0 0 0 6.93 -3.24607e-07 -8.89206e-11 6.92993 0.0795621 0.0603196 8.63527e-07 8.66035e-07
0.00 700 0 0 0 0 7.11 -3.78741e-07 -9.23697e-11 7.10992 0.0795787 0.0604271 8.60522e-07 8.62904e-07
0.00 700 0 0 0 0 7.29 -4.48433e-07 -9.59633e-11 7.28992 0.0795922 0.0605353 8.57483e-07 8.59663e-07
0.00 700 0 0 0 0 7.47 -5.23783e-07 -9.97066e-11 7.46991 0.0796038 0.0606466 8.53936e-07 8.56681e-07
0.00 700 0 0 0 0 7.65 -5.92086e-07 -1.03606e-10 7.6499 0.0796186 0.0607562 8.50575e-07 8.53672e-07
0.00 700 0 0 0 0 7.83 -6.37467e-07 -1.07668e-10 7.8299 0.0796315 0.0608654 8.47157e-07 8.50581e-07
0.00 700 0 0 0 0 8.01 -6.9803e-07 -1.11897e-10 8.00989 0.0796421 0.0609761 8.4363e-07 8.47428e-07
