# $1 = time (seconds since 2000-01-01T00:00Z)
# $2 = observer altitude [km]
# $3 = observer longitude [deg]
# $4 = observer latitude [deg]
# $5 = view point altitude [km]
# $6 = view point longitude [deg]
# $7 = view point latitude [deg]
# $8 = tangent point altitude [km]
# $9 = tangent point longitude [deg]
# $10 = tangent point latitude [deg]
# $11 = channel 792: radiance [W/(m^2 sr cm^-1)]
# $12 = channel 832: radiance [W/(m^2 sr cm^-1)]
# $13 = channel 792: transmittance
# $14 = channel 832: transmittance

0.00 780 0 0 3 0 26.9643 1.48561 -2.77181e-08 27.4459 0.0429437 0.076404 5.56879e-12 7.85256e-07
0.00 780 0 0 4 0 26.9466 2.65918 -2.4145e-08 27.3743 0.0423255 0.0733217 1.41502e-06 0.00469375
0.00 780 0 0 5 0 26.9289 3.81774 -2.10077e-08 27.3063 0.0415966 0.0609246 0.000164531 0.108242
0.00 780 0 0 6 0 26.9112 4.95239 -1.83902e-08 27.2469 0.0406775 0.0364489 0.00134941 0.393563
0.00 780 0 0 7 0 26.8935 6.07199 -1.61137e-08 27.1927 0.0395466 0.0170209 0.00358214 0.67054
0.00 780 0 0 8 0 26.8757 7.17692 -1.41977e-08 27.1468 0.0380364 0.00731547 0.00787288 0.832505
0.00 780 0 0 9 0 26.858 8.2764 -1.23866e-08 27.1008 0.0358054 0.00330877 0.0259745 0.9114
0.00 780 0 0 10 0 26.8403 9.36671 -1.07737e-08 27.0584 0.0332648 0.0016515 0.0575476 0.949724
0.00 780 0 0 11 0 26.8225 10.4512 -9.26531e-09 27.0151 0.0307592 0.00102071 0.100315 0.966334
0.00 780 0 0 12 0 26.8047 11.5279 -7.91005e-09 26.9733 0.0286013 0.000786709 0.147001 0.973096
0.00 780 0 0 13 0 26.7869 12.5963 -6.71419e-09 26.9323 0.0266803 0.000648934 0.196599 0.97747
0.00 780 0 0 14 0 26.7691 13.6559 -5.68061e-09 26.8937 0.024939 0.000552612 0.247755 0.980774
0.00 780 0 0 15 0 26.7513 14.7074 -4.79743e-09 26.8576 0.023332 0.000484104 0.299402 0.983263
0.00 780 0 0 16 0 26.7335 15.7514 -4.05083e-09 26.8239 0.0218571 0.000432598 0.349639 0.985214
0.00 780 0 0 17 0 26.7157 16.789 -3.42006e-09 26.7924 0.0204247 0.000392578 0.400639 0.986785
0.00 780 0 0 18 0 26.6979 17.821 -2.88922e-09 26.7629 0.0191132 0.000361124 0.448429 0.988052
0.00 780 0 0 19 0 26.68 18.8481 -2.44248e-09 26.7351 0.017804 0.000334826 0.495982 0.989122
0.00 780 0 0 20 0 26.6622 19.8709 -2.06755e-09 26.7088 0.0165554 0.000311473 0.540975 0.990074
0.00 780 0 0 21 0 26.6443 20.8902 -1.75284e-09 26.6839 0.0153429 0.000290611 0.584184 0.990924
0.00 780 0 0 22 0 26.6264 21.9066 -1.48758e-09 26.6601 0.0141923 0.000269742 0.624867 0.991767
0.00 780 0 0 23 0 26.6085 22.9205 -1.263e-09 26.6371 0.0131311 0.00025117 0.662426 0.992526
0.00 780 0 0 24 0 26.5906 23.9323 -1.07325e-09 26.615 0.0121563 0.000233737 0.696717 0.993236
0.00 780 0 0 25 0 26.5727 24.9424 -9.11894e-10 26.5934 0.01126 0.000217291 0.728166 0.993902
0.00 780 0 0 26 0 26.5548 25.951 -7.75428e-10 26.5724 0.010467 0.000202784 0.756071 0.994497
0.00 780 0 0 27 0 26.5368 26.9582 -6.59513e-10 26.5519 0.00974375 0.000188776 0.781332 0.995062
0.00 780 0 0 28 0 26.5189 27.9644 -5.60682e-10 26.5317 0.00910522 0.000176773 0.80364 0.995554
0.00 780 0 0 29 0 26.5009 28.9697 -4.77107e-10 26.5118 0.00852464 0.000165751 0.823563 0.995997
0.00 780 0 0 30 0 26.483 29.9742 -4.05941e-10 26.4923 0.00801596 0.000155805 0.84098 0.996396
0.00 780 0 0 31 0 26.465 30.9781 -3.45022e-10 26.4729 0.00756527 0.000146766 0.856277 0.996753
0.00 780 0 0 32 0 26.447 31.9813 -2.93438e-10 26.4537 0.00714175 0.000137753 0.86994 0.997086
0.00 780 0 0 33 0 26.429 32.9841 -2.49596e-10 26.4347 0.00674325 0.000128842 0.882141 0.997393
0.00 780 0 0 34 0 26.411 33.9864 -2.12869e-10 26.4158 0.00636072 0.000119587 0.893067 0.997682
0.00 780 0 0 35 0 26.3929 34.9884 -1.8153e-10 26.3971 0.00600673 0.000110321 0.902767 0.997953
0.00 780 0 0 36 0 26.3749 35.9901 -1.54916e-10 26.3784 0.00567371 0.000101131 0.911389 0.998202
0.00 780 0 0 37 0 26.3568 36.9915 -1.323e-10 26.3599 0.00536399 9.19637e-05 0.919047 0.998433
0.00 780 0 0 38 0 26.3388 37.9928 -1.12953e-10 26.3414 0.00507661 8.28726e-05 0.925824 0.998647
0.00 780 0 0 39 0 26.3207 38.9938 -9.63962e-11 26.3229 0.00480402 7.40861e-05 0.931863 0.998838
0.00 780 0 0 40 0 26.3026 39.9947 -8.22635e-11 26.3045 0.0045349 6.51747e-05 0.937325 0.999015
0.00 780 0 0 41 0 26.2845 40.9955 -7.03669e-11 26.2861 0.00426521 5.64623e-05 0.942286 0.999173
0.00 780 0 0 42 0 26.2664 41.9961 -6.01338e-11 26.2678 0.00400675 4.84286e-05 0.946718 0.99931
0.00 780 0 0 43 0 26.2483 42.9967 -5.14348e-11 26.2495 0.00374852 4.09021e-05 0.950775 0.999429
0.00 780 0 0 44 0 26.2302 43.9972 -4.39809e-11 26.2312 0.00349392 3.4088e-05 0.954473 0.999531
0.00 780 0 0 45 0 26.212 44.9976 -3.75682e-11 26.2129 0.00324426 2.81296e-05 0.957862 0.999616
0.00 780 0 0 46 0 26.1939 45.9979 -3.20949e-11 26.1946 0.00299433 2.29325e-05 0.961025 0.999688
0.00 780 0 0 47 0 26.1757 46.9982 -2.7311e-11 26.1764 0.00274702 1.84834e-05 0.964007 0.999747
0.00 780 0 0 48 0 26.1575 47.9985 -2.32088e-11 26.1581 0.00249806 1.46808e-05 0.966858 0.999797
0.00 780 0 0 49 0 26.1393 48.9987 -1.96061e-11 26.1398 0.00225037 1.15137e-05 0.969613 0.999838
0.00 780 0 0 50 0 26.1211 49.9989 -1.65111e-11 26.1216 0.00200048 8.8809e-06 0.972319 0.999871
0.00 780 0 0 51 0 26.1029 50.9991 -1.37713e-11 26.1033 0.00175815 6.77852e-06 0.974954 0.999899
0.00 780 0 0 52 0 26.0847 51.9993 -1.1395e-11 26.085 0.00152097 5.10006e-06 0.977551 0.999921
0.00 780 0 0 53 0 26.0665 52.9994 -9.31325e-12 26.0667 0.00130114 3.81103e-06 0.980045 0.999938
0.00 780 0 0 54 0 26.0482 53.9995 -7.53709e-12 26.0484 0.00109579 2.81631e-06 0.982455 0.999952
0.00 780 0 0 55 0 26.0299 54.9996 -5.66672e-12 26.0301 0.000912832 2.07301e-06 0.984712 0.999963
0.00 780 0 0 56 0 26.0117 55.9997 -4.43544e-12 26.0118 0.000749586 1.51011e-06 0.986825 0.999972
0.00 780 0 0 57 0 25.9934 56.9998 -3.12709e-12 25.9935 0.000612389 1.09654e-06 0.988719 0.999978
0.00 780 0 0 58 0 25.9751 57.9999 -1.86749e-12 25.9752 0.00049654 7.89319e-07 0.990415 0.999984
0.00 780 0 0 59 0 25.9568 58.9999 -8.06795e-13 25.9568 0.000400329 5.67455e-07 0.991906 0.999988
0.00 780 0 0 60 0 25.9385 60 0 25.9385 0.000320828 4.07142e-07 0.993208 0.999991
0.00 780 0 0 61 0 25.9201 61 0 25.9201 0.000256044 2.91857e-07 0.994327 0.999993
0.00 780 0 0 62 0 25.9018 62 0 25.9018 0.000203862 2.09241e-07 0.995281 0.999995
0.00 780 0 0 63 0 25.8834 63 0 25.8834 0.000161651 1.49421e-07 0.996091 0.999996
0.00 780 0 0 64 0 25.8651 64 0 25.8651 0.00012803 1.06317e-07 0.996771 0.999997
0.00 780 0 0 65 0 25.8467 65 0 25.8467 0.000101168 7.55046e-08 0.99734 0.999998
0.00 780 0 0 66 0 25.8283 66 0 25.8283 7.96212e-05 5.40058e-08 0.997817 0.999998
0.00 780 0 0 67 0 25.8099 67 0 25.8099 6.25714e-05 3.90763e-08 0.998212 0.999999
0.00 780 0 0 68 0 25.7915 68 0 25.7915 4.91549e-05 2.86946e-08 0.998538 0.999999
